20 20
1 -1 -842150451 -842150451 0 -1 -842150451 -842150451 0 -1 -842150451 -842150451 480 520 42 82 0 0
1 -1 -842150451 -842150451 0 -1 -842150451 -842150451 0 -1 -842150451 -842150451 520 560 42 82 0 0
1 -1 -842150451 -842150451 0 -1 -842150451 -842150451 0 -1 -842150451 -842150451 560 600 42 82 0 0
1 -1 -842150451 -842150451 0 -1 -842150451 -842150451 0 -1 -842150451 -842150451 600 640 42 82 0 0
1 -1 -842150451 -842150451 0 -1 -842150451 -842150451 0 -1 -842150451 -842150451 640 680 42 82 0 0
1 -1 -842150451 -842150451 0 -1 -842150451 -842150451 0 -1 -842150451 -842150451 680 720 42 82 0 0
1 -1 -842150451 -842150451 0 -1 -842150451 -842150451 0 -1 -842150451 -842150451 720 760 42 82 0 0
1 -1 -842150451 -842150451 0 -1 -842150451 -842150451 0 -1 -842150451 -842150451 760 800 42 82 0 0
1 -1 -842150451 -842150451 0 -1 -842150451 -842150451 0 -1 -842150451 -842150451 800 840 42 82 0 0
1 -1 -842150451 -842150451 0 -1 -842150451 -842150451 0 -1 -842150451 -842150451 840 880 42 82 0 0
1 -1 -842150451 -842150451 0 -1 -842150451 -842150451 0 -1 -842150451 -842150451 880 920 42 82 0 0
1 -1 -842150451 -842150451 0 -1 -842150451 -842150451 0 -1 -842150451 -842150451 920 960 42 82 0 0
1 -1 -842150451 -842150451 0 -1 -842150451 -842150451 0 -1 -842150451 -842150451 960 1000 42 82 0 0
1 -1 -842150451 -842150451 0 -1 -842150451 -842150451 0 -1 -842150451 -842150451 1000 1040 42 82 0 0
1 -1 -842150451 -842150451 0 -1 -842150451 -842150451 0 -1 -842150451 -842150451 1040 1080 42 82 0 0
1 -1 -842150451 -842150451 0 -1 -842150451 -842150451 0 -1 -842150451 -842150451 1080 1120 42 82 0 0
1 -1 -842150451 -842150451 0 -1 -842150451 -842150451 0 -1 -842150451 -842150451 1120 1160 42 82 0 0
1 -1 -842150451 -842150451 0 -1 -842150451 -842150451 0 -1 -842150451 -842150451 1160 1200 42 82 0 0
1 -1 -842150451 -842150451 0 -1 -842150451 -842150451 0 -1 -842150451 -842150451 1200 1240 42 82 0 0
1 -1 -842150451 -842150451 0 -1 -842150451 -842150451 0 -1 -842150451 -842150451 1240 1280 42 82 0 0
1 -1 -842150451 -842150451 0 -1 -842150451 -842150451 0 -1 -842150451 -842150451 480 520 82 122 0 0
1 -1 -842150451 -842150451 0 -1 -842150451 -842150451 0 -1 -842150451 -842150451 520 560 82 122 0 0
1 -1 -842150451 -842150451 0 -1 -842150451 -842150451 0 -1 -842150451 -842150451 560 600 82 122 0 0
1 -1 -842150451 -842150451 0 -1 -842150451 -842150451 0 -1 -842150451 -842150451 600 640 82 122 0 0
1 -1 -842150451 -842150451 0 -1 -842150451 -842150451 0 -1 -842150451 -842150451 640 680 82 122 0 0
1 -1 -842150451 -842150451 0 -1 -842150451 -842150451 0 -1 -842150451 -842150451 680 720 82 122 0 0
1 -1 -842150451 -842150451 0 -1 -842150451 -842150451 0 -1 -842150451 -842150451 720 760 82 122 0 0
1 -1 -842150451 -842150451 0 -1 -842150451 -842150451 0 -1 -842150451 -842150451 760 800 82 122 0 0
1 -1 -842150451 -842150451 0 -1 -842150451 -842150451 0 -1 -842150451 -842150451 800 840 82 122 0 0
1 -1 -842150451 -842150451 0 -1 -842150451 -842150451 0 -1 -842150451 -842150451 840 880 82 122 0 0
1 -1 -842150451 -842150451 0 -1 -842150451 -842150451 0 -1 -842150451 -842150451 880 920 82 122 0 0
1 -1 -842150451 -842150451 0 -1 -842150451 -842150451 0 -1 -842150451 -842150451 920 960 82 122 0 0
1 -1 -842150451 -842150451 0 -1 -842150451 -842150451 0 -1 -842150451 -842150451 960 1000 82 122 0 0
1 -1 -842150451 -842150451 0 -1 -842150451 -842150451 0 -1 -842150451 -842150451 1000 1040 82 122 0 0
1 -1 -842150451 -842150451 0 -1 -842150451 -842150451 0 -1 -842150451 -842150451 1040 1080 82 122 0 0
1 -1 -842150451 -842150451 0 -1 -842150451 -842150451 0 -1 -842150451 -842150451 1080 1120 82 122 0 0
1 -1 -842150451 -842150451 0 -1 -842150451 -842150451 0 -1 -842150451 -842150451 1120 1160 82 122 0 0
1 -1 -842150451 -842150451 0 -1 -842150451 -842150451 0 -1 -842150451 -842150451 1160 1200 82 122 0 0
1 -1 -842150451 -842150451 0 -1 -842150451 -842150451 0 -1 -842150451 -842150451 1200 1240 82 122 0 0
1 -1 -842150451 -842150451 0 -1 -842150451 -842150451 0 -1 -842150451 -842150451 1240 1280 82 122 0 0
1 -1 -842150451 -842150451 0 -1 -842150451 -842150451 0 -1 -842150451 -842150451 480 520 122 162 0 0
1 -1 -842150451 -842150451 0 -1 -842150451 -842150451 0 -1 -842150451 -842150451 520 560 122 162 0 0
1 -1 -842150451 -842150451 0 -1 -842150451 -842150451 0 -1 -842150451 -842150451 560 600 122 162 0 0
1 -1 -842150451 -842150451 0 -1 -842150451 -842150451 0 -1 -842150451 -842150451 600 640 122 162 0 0
1 -1 -842150451 -842150451 0 -1 -842150451 -842150451 0 -1 -842150451 -842150451 640 680 122 162 0 0
0 1 4 0 0 -1 -842150451 -842150451 0 -1 -842150451 -842150451 680 720 122 162 4 0
0 1 4 0 0 -1 -842150451 -842150451 0 -1 -842150451 -842150451 720 760 122 162 4 0
0 1 4 0 0 -1 -842150451 -842150451 0 -1 -842150451 -842150451 760 800 122 162 4 0
0 1 4 0 0 -1 -842150451 -842150451 0 -1 -842150451 -842150451 800 840 122 162 4 0
0 1 4 0 0 -1 -842150451 -842150451 0 -1 -842150451 -842150451 840 880 122 162 4 0
0 1 4 0 0 -1 -842150451 -842150451 0 -1 -842150451 -842150451 880 920 122 162 4 0
0 1 4 0 0 -1 -842150451 -842150451 0 -1 -842150451 -842150451 920 960 122 162 4 0
0 1 4 0 0 -1 -842150451 -842150451 0 -1 -842150451 -842150451 960 1000 122 162 4 0
1 -1 -842150451 -842150451 0 -1 -842150451 -842150451 0 -1 -842150451 -842150451 1000 1040 122 162 0 0
1 -1 -842150451 -842150451 0 -1 -842150451 -842150451 0 -1 -842150451 -842150451 1040 1080 122 162 0 0
1 -1 -842150451 -842150451 0 -1 -842150451 -842150451 0 -1 -842150451 -842150451 1080 1120 122 162 0 0
1 -1 -842150451 -842150451 0 -1 -842150451 -842150451 0 -1 -842150451 -842150451 1120 1160 122 162 0 0
1 -1 -842150451 -842150451 0 -1 -842150451 -842150451 0 -1 -842150451 -842150451 1160 1200 122 162 0 0
1 -1 -842150451 -842150451 0 -1 -842150451 -842150451 0 -1 -842150451 -842150451 1200 1240 122 162 0 0
1 -1 -842150451 -842150451 0 -1 -842150451 -842150451 0 -1 -842150451 -842150451 1240 1280 122 162 0 0
1 -1 -842150451 -842150451 0 -1 -842150451 -842150451 0 -1 -842150451 -842150451 480 520 162 202 0 0
1 -1 -842150451 -842150451 0 -1 -842150451 -842150451 0 -1 -842150451 -842150451 520 560 162 202 0 0
1 -1 -842150451 -842150451 0 -1 -842150451 -842150451 0 -1 -842150451 -842150451 560 600 162 202 0 0
1 -1 -842150451 -842150451 0 -1 -842150451 -842150451 0 -1 -842150451 -842150451 600 640 162 202 0 0
1 -1 -842150451 -842150451 0 -1 -842150451 -842150451 0 -1 -842150451 -842150451 640 680 162 202 0 0
0 1 4 0 0 -1 -842150451 -842150451 0 -1 -842150451 -842150451 680 720 162 202 4 0
1 -1 -842150451 -842150451 0 -1 -842150451 -842150451 0 -1 -842150451 -842150451 720 760 162 202 0 0
1 -1 -842150451 -842150451 0 -1 -842150451 -842150451 0 -1 -842150451 -842150451 760 800 162 202 0 0
1 -1 -842150451 -842150451 0 -1 -842150451 -842150451 0 -1 -842150451 -842150451 800 840 162 202 0 0
1 -1 -842150451 -842150451 0 -1 -842150451 -842150451 0 -1 -842150451 -842150451 840 880 162 202 0 0
1 -1 -842150451 -842150451 0 -1 -842150451 -842150451 0 -1 -842150451 -842150451 880 920 162 202 0 0
1 -1 -842150451 -842150451 0 -1 -842150451 -842150451 0 -1 -842150451 -842150451 920 960 162 202 0 0
1 -1 -842150451 -842150451 0 -1 -842150451 -842150451 0 -1 -842150451 -842150451 960 1000 162 202 0 0
0 1 4 0 0 -1 -842150451 -842150451 0 -1 -842150451 -842150451 1000 1040 162 202 4 0
0 1 4 0 0 -1 -842150451 -842150451 0 -1 -842150451 -842150451 1040 1080 162 202 4 0
1 -1 -842150451 -842150451 0 -1 -842150451 -842150451 0 -1 -842150451 -842150451 1080 1120 162 202 0 0
1 -1 -842150451 -842150451 0 -1 -842150451 -842150451 0 -1 -842150451 -842150451 1120 1160 162 202 0 0
1 -1 -842150451 -842150451 0 -1 -842150451 -842150451 0 -1 -842150451 -842150451 1160 1200 162 202 0 0
1 -1 -842150451 -842150451 0 -1 -842150451 -842150451 0 -1 -842150451 -842150451 1200 1240 162 202 0 0
1 -1 -842150451 -842150451 0 -1 -842150451 -842150451 0 -1 -842150451 -842150451 1240 1280 162 202 0 0
1 -1 -842150451 -842150451 0 -1 -842150451 -842150451 0 -1 -842150451 -842150451 480 520 202 242 0 0
1 -1 -842150451 -842150451 0 -1 -842150451 -842150451 0 -1 -842150451 -842150451 520 560 202 242 0 0
1 -1 -842150451 -842150451 0 -1 -842150451 -842150451 0 -1 -842150451 -842150451 560 600 202 242 0 0
1 -1 -842150451 -842150451 0 -1 -842150451 -842150451 0 -1 -842150451 -842150451 600 640 202 242 0 0
1 -1 -842150451 -842150451 0 -1 -842150451 -842150451 0 -1 -842150451 -842150451 640 680 202 242 0 0
0 1 4 0 0 -1 -842150451 -842150451 0 -1 -842150451 -842150451 680 720 202 242 4 0
1 -1 -842150451 -842150451 0 -1 -842150451 -842150451 0 -1 -842150451 -842150451 720 760 202 242 0 0
1 -1 -842150451 -842150451 0 -1 -842150451 -842150451 0 -1 -842150451 -842150451 760 800 202 242 0 0
1 -1 -842150451 -842150451 0 -1 -842150451 -842150451 0 -1 -842150451 -842150451 800 840 202 242 0 0
1 -1 -842150451 -842150451 0 -1 -842150451 -842150451 0 -1 -842150451 -842150451 840 880 202 242 0 0
1 -1 -842150451 -842150451 0 -1 -842150451 -842150451 0 -1 -842150451 -842150451 880 920 202 242 0 0
1 -1 -842150451 -842150451 0 -1 -842150451 -842150451 0 -1 -842150451 -842150451 920 960 202 242 0 0
1 -1 -842150451 -842150451 0 -1 -842150451 -842150451 0 -1 -842150451 -842150451 960 1000 202 242 0 0
1 -1 -842150451 -842150451 0 -1 -842150451 -842150451 0 -1 -842150451 -842150451 1000 1040 202 242 0 0
1 -1 -842150451 -842150451 0 -1 -842150451 -842150451 0 -1 -842150451 -842150451 1040 1080 202 242 0 0
1 -1 -842150451 -842150451 0 -1 -842150451 -842150451 0 -1 -842150451 -842150451 1080 1120 202 242 0 0
1 -1 -842150451 -842150451 0 -1 -842150451 -842150451 0 -1 -842150451 -842150451 1120 1160 202 242 0 0
1 -1 -842150451 -842150451 0 -1 -842150451 -842150451 0 -1 -842150451 -842150451 1160 1200 202 242 0 0
1 -1 -842150451 -842150451 0 -1 -842150451 -842150451 0 -1 -842150451 -842150451 1200 1240 202 242 0 0
1 -1 -842150451 -842150451 0 -1 -842150451 -842150451 0 -1 -842150451 -842150451 1240 1280 202 242 0 0
1 -1 -842150451 -842150451 0 -1 -842150451 -842150451 0 -1 -842150451 -842150451 480 520 242 282 0 0
1 -1 -842150451 -842150451 0 -1 -842150451 -842150451 0 -1 -842150451 -842150451 520 560 242 282 0 0
1 -1 -842150451 -842150451 0 -1 -842150451 -842150451 0 -1 -842150451 -842150451 560 600 242 282 0 0
1 -1 -842150451 -842150451 0 -1 -842150451 -842150451 0 -1 -842150451 -842150451 600 640 242 282 0 0
1 -1 -842150451 -842150451 0 -1 -842150451 -842150451 0 -1 -842150451 -842150451 640 680 242 282 0 0
0 1 4 0 0 -1 -842150451 -842150451 0 -1 -842150451 -842150451 680 720 242 282 4 0
1 -1 -842150451 -842150451 0 -1 -842150451 -842150451 0 -1 -842150451 -842150451 720 760 242 282 0 0
1 -1 -842150451 -842150451 0 -1 -842150451 -842150451 0 -1 -842150451 -842150451 760 800 242 282 0 0
1 -1 -842150451 -842150451 0 -1 -842150451 -842150451 0 -1 -842150451 -842150451 800 840 242 282 0 0
1 -1 -842150451 -842150451 0 -1 -842150451 -842150451 0 -1 -842150451 -842150451 840 880 242 282 0 0
1 -1 -842150451 -842150451 0 -1 -842150451 -842150451 0 -1 -842150451 -842150451 880 920 242 282 0 0
1 -1 -842150451 -842150451 0 -1 -842150451 -842150451 0 -1 -842150451 -842150451 920 960 242 282 0 0
1 -1 -842150451 -842150451 0 -1 -842150451 -842150451 0 -1 -842150451 -842150451 960 1000 242 282 0 0
1 -1 -842150451 -842150451 0 -1 -842150451 -842150451 0 -1 -842150451 -842150451 1000 1040 242 282 0 0
1 -1 -842150451 -842150451 0 -1 -842150451 -842150451 0 -1 -842150451 -842150451 1040 1080 242 282 0 0
1 -1 -842150451 -842150451 0 -1 -842150451 -842150451 0 -1 -842150451 -842150451 1080 1120 242 282 0 0
1 -1 -842150451 -842150451 0 -1 -842150451 -842150451 0 -1 -842150451 -842150451 1120 1160 242 282 0 0
1 -1 -842150451 -842150451 0 -1 -842150451 -842150451 0 -1 -842150451 -842150451 1160 1200 242 282 0 0
1 -1 -842150451 -842150451 0 -1 -842150451 -842150451 0 -1 -842150451 -842150451 1200 1240 242 282 0 0
1 -1 -842150451 -842150451 0 -1 -842150451 -842150451 0 -1 -842150451 -842150451 1240 1280 242 282 0 0
1 -1 -842150451 -842150451 0 -1 -842150451 -842150451 0 -1 -842150451 -842150451 480 520 282 322 0 0
1 -1 -842150451 -842150451 0 -1 -842150451 -842150451 0 -1 -842150451 -842150451 520 560 282 322 0 0
1 -1 -842150451 -842150451 0 -1 -842150451 -842150451 0 -1 -842150451 -842150451 560 600 282 322 0 0
1 -1 -842150451 -842150451 0 -1 -842150451 -842150451 0 -1 -842150451 -842150451 600 640 282 322 0 0
1 -1 -842150451 -842150451 0 -1 -842150451 -842150451 0 -1 -842150451 -842150451 640 680 282 322 0 0
0 1 4 0 0 -1 -842150451 -842150451 0 -1 -842150451 -842150451 680 720 282 322 4 0
1 -1 -842150451 -842150451 0 -1 -842150451 -842150451 0 -1 -842150451 -842150451 720 760 282 322 0 0
1 -1 -842150451 -842150451 0 -1 -842150451 -842150451 0 -1 -842150451 -842150451 760 800 282 322 0 0
1 -1 -842150451 -842150451 0 -1 -842150451 -842150451 0 -1 -842150451 -842150451 800 840 282 322 0 0
1 -1 -842150451 -842150451 0 -1 -842150451 -842150451 0 -1 -842150451 -842150451 840 880 282 322 0 0
1 -1 -842150451 -842150451 0 -1 -842150451 -842150451 0 -1 -842150451 -842150451 880 920 282 322 0 0
1 -1 -842150451 -842150451 0 -1 -842150451 -842150451 0 -1 -842150451 -842150451 920 960 282 322 0 0
1 -1 -842150451 -842150451 0 -1 -842150451 -842150451 0 -1 -842150451 -842150451 960 1000 282 322 0 0
1 -1 -842150451 -842150451 0 -1 -842150451 -842150451 0 -1 -842150451 -842150451 1000 1040 282 322 0 0
1 -1 -842150451 -842150451 0 -1 -842150451 -842150451 0 -1 -842150451 -842150451 1040 1080 282 322 0 0
1 -1 -842150451 -842150451 0 -1 -842150451 -842150451 0 -1 -842150451 -842150451 1080 1120 282 322 0 0
1 -1 -842150451 -842150451 0 -1 -842150451 -842150451 0 -1 -842150451 -842150451 1120 1160 282 322 0 0
1 -1 -842150451 -842150451 0 -1 -842150451 -842150451 0 -1 -842150451 -842150451 1160 1200 282 322 0 0
1 -1 -842150451 -842150451 0 -1 -842150451 -842150451 0 -1 -842150451 -842150451 1200 1240 282 322 0 0
1 -1 -842150451 -842150451 0 -1 -842150451 -842150451 0 -1 -842150451 -842150451 1240 1280 282 322 0 0
1 -1 -842150451 -842150451 0 -1 -842150451 -842150451 0 -1 -842150451 -842150451 480 520 322 362 0 0
1 -1 -842150451 -842150451 0 -1 -842150451 -842150451 0 -1 -842150451 -842150451 520 560 322 362 0 0
1 -1 -842150451 -842150451 0 -1 -842150451 -842150451 0 -1 -842150451 -842150451 560 600 322 362 0 0
1 -1 -842150451 -842150451 0 -1 -842150451 -842150451 0 -1 -842150451 -842150451 600 640 322 362 0 0
1 -1 -842150451 -842150451 0 -1 -842150451 -842150451 0 -1 -842150451 -842150451 640 680 322 362 0 0
0 1 4 0 0 -1 -842150451 -842150451 0 -1 -842150451 -842150451 680 720 322 362 4 0
1 -1 -842150451 -842150451 0 -1 -842150451 -842150451 0 -1 -842150451 -842150451 720 760 322 362 0 0
1 -1 -842150451 -842150451 0 -1 -842150451 -842150451 0 -1 -842150451 -842150451 760 800 322 362 0 0
1 -1 -842150451 -842150451 0 -1 -842150451 -842150451 0 -1 -842150451 -842150451 800 840 322 362 0 0
1 -1 -842150451 -842150451 0 -1 -842150451 -842150451 0 -1 -842150451 -842150451 840 880 322 362 0 0
1 -1 -842150451 -842150451 0 -1 -842150451 -842150451 0 -1 -842150451 -842150451 880 920 322 362 0 0
1 -1 -842150451 -842150451 0 -1 -842150451 -842150451 0 -1 -842150451 -842150451 920 960 322 362 0 0
1 -1 -842150451 -842150451 0 -1 -842150451 -842150451 0 -1 -842150451 -842150451 960 1000 322 362 0 0
1 -1 -842150451 -842150451 0 -1 -842150451 -842150451 0 -1 -842150451 -842150451 1000 1040 322 362 0 0
1 -1 -842150451 -842150451 0 -1 -842150451 -842150451 0 -1 -842150451 -842150451 1040 1080 322 362 0 0
1 -1 -842150451 -842150451 0 -1 -842150451 -842150451 0 -1 -842150451 -842150451 1080 1120 322 362 0 0
1 -1 -842150451 -842150451 0 -1 -842150451 -842150451 0 -1 -842150451 -842150451 1120 1160 322 362 0 0
1 -1 -842150451 -842150451 0 -1 -842150451 -842150451 0 -1 -842150451 -842150451 1160 1200 322 362 0 0
1 -1 -842150451 -842150451 0 -1 -842150451 -842150451 0 -1 -842150451 -842150451 1200 1240 322 362 0 0
1 -1 -842150451 -842150451 0 -1 -842150451 -842150451 0 -1 -842150451 -842150451 1240 1280 322 362 0 0
1 -1 -842150451 -842150451 0 -1 -842150451 -842150451 0 -1 -842150451 -842150451 480 520 362 402 0 0
1 -1 -842150451 -842150451 0 -1 -842150451 -842150451 0 -1 -842150451 -842150451 520 560 362 402 0 0
1 -1 -842150451 -842150451 0 -1 -842150451 -842150451 0 -1 -842150451 -842150451 560 600 362 402 0 0
1 -1 -842150451 -842150451 0 -1 -842150451 -842150451 0 -1 -842150451 -842150451 600 640 362 402 0 0
1 -1 -842150451 -842150451 0 -1 -842150451 -842150451 0 -1 -842150451 -842150451 640 680 362 402 0 0
0 1 4 0 0 -1 -842150451 -842150451 0 -1 -842150451 -842150451 680 720 362 402 4 0
0 1 4 0 0 -1 -842150451 -842150451 0 -1 -842150451 -842150451 720 760 362 402 4 0
0 1 4 0 0 -1 -842150451 -842150451 0 -1 -842150451 -842150451 760 800 362 402 4 0
0 1 4 0 0 -1 -842150451 -842150451 0 -1 -842150451 -842150451 800 840 362 402 4 0
0 1 4 0 0 -1 -842150451 -842150451 0 -1 -842150451 -842150451 840 880 362 402 4 0
0 1 4 0 0 -1 -842150451 -842150451 0 -1 -842150451 -842150451 880 920 362 402 4 0
0 1 4 0 0 -1 -842150451 -842150451 0 -1 -842150451 -842150451 920 960 362 402 4 0
0 1 4 0 0 -1 -842150451 -842150451 0 -1 -842150451 -842150451 960 1000 362 402 4 0
0 1 4 0 0 -1 -842150451 -842150451 0 -1 -842150451 -842150451 1000 1040 362 402 4 0
1 -1 -842150451 -842150451 0 -1 -842150451 -842150451 0 -1 -842150451 -842150451 1040 1080 362 402 0 0
1 -1 -842150451 -842150451 0 -1 -842150451 -842150451 0 -1 -842150451 -842150451 1080 1120 362 402 0 0
1 -1 -842150451 -842150451 0 -1 -842150451 -842150451 0 -1 -842150451 -842150451 1120 1160 362 402 0 0
1 -1 -842150451 -842150451 0 -1 -842150451 -842150451 0 -1 -842150451 -842150451 1160 1200 362 402 0 0
1 -1 -842150451 -842150451 0 -1 -842150451 -842150451 0 -1 -842150451 -842150451 1200 1240 362 402 0 0
1 -1 -842150451 -842150451 0 -1 -842150451 -842150451 0 -1 -842150451 -842150451 1240 1280 362 402 0 0
1 -1 -842150451 -842150451 0 -1 -842150451 -842150451 0 -1 -842150451 -842150451 480 520 402 442 0 0
1 -1 -842150451 -842150451 0 -1 -842150451 -842150451 0 -1 -842150451 -842150451 520 560 402 442 0 0
1 -1 -842150451 -842150451 0 -1 -842150451 -842150451 0 -1 -842150451 -842150451 560 600 402 442 0 0
1 -1 -842150451 -842150451 0 -1 -842150451 -842150451 0 -1 -842150451 -842150451 600 640 402 442 0 0
1 -1 -842150451 -842150451 0 -1 -842150451 -842150451 0 -1 -842150451 -842150451 640 680 402 442 0 0
0 1 4 0 0 -1 -842150451 -842150451 0 -1 -842150451 -842150451 680 720 402 442 4 0
1 -1 -842150451 -842150451 0 -1 -842150451 -842150451 0 -1 -842150451 -842150451 720 760 402 442 0 0
1 -1 -842150451 -842150451 0 -1 -842150451 -842150451 0 -1 -842150451 -842150451 760 800 402 442 0 0
1 -1 -842150451 -842150451 0 -1 -842150451 -842150451 0 -1 -842150451 -842150451 800 840 402 442 0 0
1 -1 -842150451 -842150451 0 -1 -842150451 -842150451 0 -1 -842150451 -842150451 840 880 402 442 0 0
1 -1 -842150451 -842150451 0 -1 -842150451 -842150451 0 -1 -842150451 -842150451 880 920 402 442 0 0
1 -1 -842150451 -842150451 0 -1 -842150451 -842150451 0 -1 -842150451 -842150451 920 960 402 442 0 0
1 -1 -842150451 -842150451 0 -1 -842150451 -842150451 0 -1 -842150451 -842150451 960 1000 402 442 0 0
1 -1 -842150451 -842150451 0 -1 -842150451 -842150451 0 -1 -842150451 -842150451 1000 1040 402 442 0 0
1 -1 -842150451 -842150451 0 -1 -842150451 -842150451 0 -1 -842150451 -842150451 1040 1080 402 442 0 0
1 -1 -842150451 -842150451 0 -1 -842150451 -842150451 0 -1 -842150451 -842150451 1080 1120 402 442 0 0
1 -1 -842150451 -842150451 0 -1 -842150451 -842150451 0 -1 -842150451 -842150451 1120 1160 402 442 0 0
1 -1 -842150451 -842150451 0 -1 -842150451 -842150451 0 -1 -842150451 -842150451 1160 1200 402 442 0 0
1 -1 -842150451 -842150451 0 -1 -842150451 -842150451 0 -1 -842150451 -842150451 1200 1240 402 442 0 0
1 -1 -842150451 -842150451 0 -1 -842150451 -842150451 0 -1 -842150451 -842150451 1240 1280 402 442 0 0
1 -1 -842150451 -842150451 0 -1 -842150451 -842150451 0 -1 -842150451 -842150451 480 520 442 482 0 0
1 -1 -842150451 -842150451 0 -1 -842150451 -842150451 0 -1 -842150451 -842150451 520 560 442 482 0 0
1 -1 -842150451 -842150451 0 -1 -842150451 -842150451 0 -1 -842150451 -842150451 560 600 442 482 0 0
1 -1 -842150451 -842150451 0 -1 -842150451 -842150451 0 -1 -842150451 -842150451 600 640 442 482 0 0
1 -1 -842150451 -842150451 0 -1 -842150451 -842150451 0 -1 -842150451 -842150451 640 680 442 482 0 0
0 1 4 0 0 -1 -842150451 -842150451 0 -1 -842150451 -842150451 680 720 442 482 4 0
1 -1 -842150451 -842150451 0 -1 -842150451 -842150451 0 -1 -842150451 -842150451 720 760 442 482 0 0
1 -1 -842150451 -842150451 0 -1 -842150451 -842150451 0 -1 -842150451 -842150451 760 800 442 482 0 0
1 -1 -842150451 -842150451 0 -1 -842150451 -842150451 0 -1 -842150451 -842150451 800 840 442 482 0 0
1 -1 -842150451 -842150451 0 -1 -842150451 -842150451 0 -1 -842150451 -842150451 840 880 442 482 0 0
1 -1 -842150451 -842150451 0 -1 -842150451 -842150451 0 -1 -842150451 -842150451 880 920 442 482 0 0
1 -1 -842150451 -842150451 0 -1 -842150451 -842150451 0 -1 -842150451 -842150451 920 960 442 482 0 0
1 -1 -842150451 -842150451 0 -1 -842150451 -842150451 0 -1 -842150451 -842150451 960 1000 442 482 0 0
1 -1 -842150451 -842150451 0 -1 -842150451 -842150451 0 -1 -842150451 -842150451 1000 1040 442 482 0 0
1 -1 -842150451 -842150451 0 -1 -842150451 -842150451 0 -1 -842150451 -842150451 1040 1080 442 482 0 0
1 -1 -842150451 -842150451 0 -1 -842150451 -842150451 0 -1 -842150451 -842150451 1080 1120 442 482 0 0
1 -1 -842150451 -842150451 0 -1 -842150451 -842150451 0 -1 -842150451 -842150451 1120 1160 442 482 0 0
1 -1 -842150451 -842150451 0 -1 -842150451 -842150451 0 -1 -842150451 -842150451 1160 1200 442 482 0 0
1 -1 -842150451 -842150451 0 -1 -842150451 -842150451 0 -1 -842150451 -842150451 1200 1240 442 482 0 0
1 -1 -842150451 -842150451 0 -1 -842150451 -842150451 0 -1 -842150451 -842150451 1240 1280 442 482 0 0
1 -1 -842150451 -842150451 0 -1 -842150451 -842150451 0 -1 -842150451 -842150451 480 520 482 522 0 0
1 -1 -842150451 -842150451 0 -1 -842150451 -842150451 0 -1 -842150451 -842150451 520 560 482 522 0 0
1 -1 -842150451 -842150451 0 -1 -842150451 -842150451 0 -1 -842150451 -842150451 560 600 482 522 0 0
1 -1 -842150451 -842150451 0 -1 -842150451 -842150451 0 -1 -842150451 -842150451 600 640 482 522 0 0
1 -1 -842150451 -842150451 0 -1 -842150451 -842150451 0 -1 -842150451 -842150451 640 680 482 522 0 0
0 1 4 0 0 -1 -842150451 -842150451 0 -1 -842150451 -842150451 680 720 482 522 4 0
1 -1 -842150451 -842150451 0 -1 -842150451 -842150451 0 -1 -842150451 -842150451 720 760 482 522 0 0
1 -1 -842150451 -842150451 0 -1 -842150451 -842150451 0 -1 -842150451 -842150451 760 800 482 522 0 0
1 -1 -842150451 -842150451 0 -1 -842150451 -842150451 0 -1 -842150451 -842150451 800 840 482 522 0 0
1 -1 -842150451 -842150451 0 -1 -842150451 -842150451 0 -1 -842150451 -842150451 840 880 482 522 0 0
1 -1 -842150451 -842150451 0 -1 -842150451 -842150451 0 -1 -842150451 -842150451 880 920 482 522 0 0
1 -1 -842150451 -842150451 0 -1 -842150451 -842150451 0 -1 -842150451 -842150451 920 960 482 522 0 0
1 -1 -842150451 -842150451 0 -1 -842150451 -842150451 0 -1 -842150451 -842150451 960 1000 482 522 0 0
1 -1 -842150451 -842150451 0 -1 -842150451 -842150451 0 -1 -842150451 -842150451 1000 1040 482 522 0 0
1 -1 -842150451 -842150451 0 -1 -842150451 -842150451 0 -1 -842150451 -842150451 1040 1080 482 522 0 0
1 -1 -842150451 -842150451 0 -1 -842150451 -842150451 0 -1 -842150451 -842150451 1080 1120 482 522 0 0
1 -1 -842150451 -842150451 0 -1 -842150451 -842150451 0 -1 -842150451 -842150451 1120 1160 482 522 0 0
1 -1 -842150451 -842150451 0 -1 -842150451 -842150451 0 -1 -842150451 -842150451 1160 1200 482 522 0 0
1 -1 -842150451 -842150451 0 -1 -842150451 -842150451 0 -1 -842150451 -842150451 1200 1240 482 522 0 0
1 -1 -842150451 -842150451 0 -1 -842150451 -842150451 0 -1 -842150451 -842150451 1240 1280 482 522 0 0
1 -1 -842150451 -842150451 0 -1 -842150451 -842150451 0 -1 -842150451 -842150451 480 520 522 562 0 0
1 -1 -842150451 -842150451 0 -1 -842150451 -842150451 0 -1 -842150451 -842150451 520 560 522 562 0 0
1 -1 -842150451 -842150451 0 -1 -842150451 -842150451 0 -1 -842150451 -842150451 560 600 522 562 0 0
1 -1 -842150451 -842150451 0 -1 -842150451 -842150451 0 -1 -842150451 -842150451 600 640 522 562 0 0
1 -1 -842150451 -842150451 0 -1 -842150451 -842150451 0 -1 -842150451 -842150451 640 680 522 562 0 0
0 1 4 0 0 -1 -842150451 -842150451 0 -1 -842150451 -842150451 680 720 522 562 4 0
0 1 4 0 0 -1 -842150451 -842150451 0 -1 -842150451 -842150451 720 760 522 562 4 0
1 -1 -842150451 -842150451 0 -1 -842150451 -842150451 0 -1 -842150451 -842150451 760 800 522 562 0 0
1 -1 -842150451 -842150451 0 -1 -842150451 -842150451 0 -1 -842150451 -842150451 800 840 522 562 0 0
1 -1 -842150451 -842150451 0 -1 -842150451 -842150451 0 -1 -842150451 -842150451 840 880 522 562 0 0
1 -1 -842150451 -842150451 0 -1 -842150451 -842150451 0 -1 -842150451 -842150451 880 920 522 562 0 0
1 -1 -842150451 -842150451 0 -1 -842150451 -842150451 0 -1 -842150451 -842150451 920 960 522 562 0 0
1 -1 -842150451 -842150451 0 -1 -842150451 -842150451 0 -1 -842150451 -842150451 960 1000 522 562 0 0
1 -1 -842150451 -842150451 0 -1 -842150451 -842150451 0 -1 -842150451 -842150451 1000 1040 522 562 0 0
1 -1 -842150451 -842150451 0 -1 -842150451 -842150451 0 -1 -842150451 -842150451 1040 1080 522 562 0 0
1 -1 -842150451 -842150451 0 -1 -842150451 -842150451 0 -1 -842150451 -842150451 1080 1120 522 562 0 0
1 -1 -842150451 -842150451 0 -1 -842150451 -842150451 0 -1 -842150451 -842150451 1120 1160 522 562 0 0
1 -1 -842150451 -842150451 0 -1 -842150451 -842150451 0 -1 -842150451 -842150451 1160 1200 522 562 0 0
1 -1 -842150451 -842150451 0 -1 -842150451 -842150451 0 -1 -842150451 -842150451 1200 1240 522 562 0 0
1 -1 -842150451 -842150451 0 -1 -842150451 -842150451 0 -1 -842150451 -842150451 1240 1280 522 562 0 0
1 -1 -842150451 -842150451 0 -1 -842150451 -842150451 0 -1 -842150451 -842150451 480 520 562 602 0 0
1 -1 -842150451 -842150451 0 -1 -842150451 -842150451 0 -1 -842150451 -842150451 520 560 562 602 0 0
1 -1 -842150451 -842150451 0 -1 -842150451 -842150451 0 -1 -842150451 -842150451 560 600 562 602 0 0
1 -1 -842150451 -842150451 0 -1 -842150451 -842150451 0 -1 -842150451 -842150451 600 640 562 602 0 0
1 -1 -842150451 -842150451 0 -1 -842150451 -842150451 0 -1 -842150451 -842150451 640 680 562 602 0 0
1 -1 -842150451 -842150451 0 -1 -842150451 -842150451 0 -1 -842150451 -842150451 680 720 562 602 0 0
0 1 4 0 0 -1 -842150451 -842150451 0 -1 -842150451 -842150451 720 760 562 602 4 0
0 1 4 0 0 -1 -842150451 -842150451 0 -1 -842150451 -842150451 760 800 562 602 4 0
0 1 4 0 0 -1 -842150451 -842150451 0 -1 -842150451 -842150451 800 840 562 602 4 0
0 1 4 0 0 -1 -842150451 -842150451 0 -1 -842150451 -842150451 840 880 562 602 4 0
0 1 4 0 0 -1 -842150451 -842150451 0 -1 -842150451 -842150451 880 920 562 602 4 0
0 1 4 0 0 -1 -842150451 -842150451 0 -1 -842150451 -842150451 920 960 562 602 4 0
0 1 4 0 0 -1 -842150451 -842150451 0 -1 -842150451 -842150451 960 1000 562 602 4 0
0 1 4 0 0 -1 -842150451 -842150451 0 -1 -842150451 -842150451 1000 1040 562 602 4 0
0 1 4 0 0 -1 -842150451 -842150451 0 -1 -842150451 -842150451 1040 1080 562 602 4 0
1 -1 -842150451 -842150451 0 -1 -842150451 -842150451 0 -1 -842150451 -842150451 1080 1120 562 602 0 0
1 -1 -842150451 -842150451 0 -1 -842150451 -842150451 0 -1 -842150451 -842150451 1120 1160 562 602 0 0
1 -1 -842150451 -842150451 0 -1 -842150451 -842150451 0 -1 -842150451 -842150451 1160 1200 562 602 0 0
1 -1 -842150451 -842150451 0 -1 -842150451 -842150451 0 -1 -842150451 -842150451 1200 1240 562 602 0 0
1 -1 -842150451 -842150451 0 -1 -842150451 -842150451 0 -1 -842150451 -842150451 1240 1280 562 602 0 0
1 -1 -842150451 -842150451 0 -1 -842150451 -842150451 0 -1 -842150451 -842150451 480 520 602 642 0 0
1 -1 -842150451 -842150451 0 -1 -842150451 -842150451 0 -1 -842150451 -842150451 520 560 602 642 0 0
1 -1 -842150451 -842150451 0 -1 -842150451 -842150451 0 -1 -842150451 -842150451 560 600 602 642 0 0
1 -1 -842150451 -842150451 0 -1 -842150451 -842150451 0 -1 -842150451 -842150451 600 640 602 642 0 0
1 -1 -842150451 -842150451 0 -1 -842150451 -842150451 0 -1 -842150451 -842150451 640 680 602 642 0 0
1 -1 -842150451 -842150451 0 -1 -842150451 -842150451 0 -1 -842150451 -842150451 680 720 602 642 0 0
1 -1 -842150451 -842150451 0 -1 -842150451 -842150451 0 -1 -842150451 -842150451 720 760 602 642 0 0
1 -1 -842150451 -842150451 0 -1 -842150451 -842150451 0 -1 -842150451 -842150451 760 800 602 642 0 0
1 -1 -842150451 -842150451 0 -1 -842150451 -842150451 0 -1 -842150451 -842150451 800 840 602 642 0 0
1 -1 -842150451 -842150451 0 -1 -842150451 -842150451 0 -1 -842150451 -842150451 840 880 602 642 0 0
1 -1 -842150451 -842150451 0 -1 -842150451 -842150451 0 -1 -842150451 -842150451 880 920 602 642 0 0
1 -1 -842150451 -842150451 0 -1 -842150451 -842150451 0 -1 -842150451 -842150451 920 960 602 642 0 0
1 -1 -842150451 -842150451 0 -1 -842150451 -842150451 0 -1 -842150451 -842150451 960 1000 602 642 0 0
1 -1 -842150451 -842150451 0 -1 -842150451 -842150451 0 -1 -842150451 -842150451 1000 1040 602 642 0 0
1 -1 -842150451 -842150451 0 -1 -842150451 -842150451 0 -1 -842150451 -842150451 1040 1080 602 642 0 0
1 -1 -842150451 -842150451 0 -1 -842150451 -842150451 0 -1 -842150451 -842150451 1080 1120 602 642 0 0
1 -1 -842150451 -842150451 0 -1 -842150451 -842150451 0 -1 -842150451 -842150451 1120 1160 602 642 0 0
1 -1 -842150451 -842150451 0 -1 -842150451 -842150451 0 -1 -842150451 -842150451 1160 1200 602 642 0 0
1 -1 -842150451 -842150451 0 -1 -842150451 -842150451 0 -1 -842150451 -842150451 1200 1240 602 642 0 0
1 -1 -842150451 -842150451 0 -1 -842150451 -842150451 0 -1 -842150451 -842150451 1240 1280 602 642 0 0
1 -1 -842150451 -842150451 0 -1 -842150451 -842150451 0 -1 -842150451 -842150451 480 520 642 682 0 0
1 -1 -842150451 -842150451 0 -1 -842150451 -842150451 0 -1 -842150451 -842150451 520 560 642 682 0 0
1 -1 -842150451 -842150451 0 -1 -842150451 -842150451 0 -1 -842150451 -842150451 560 600 642 682 0 0
1 -1 -842150451 -842150451 0 -1 -842150451 -842150451 0 -1 -842150451 -842150451 600 640 642 682 0 0
1 -1 -842150451 -842150451 0 -1 -842150451 -842150451 0 -1 -842150451 -842150451 640 680 642 682 0 0
1 -1 -842150451 -842150451 0 -1 -842150451 -842150451 0 -1 -842150451 -842150451 680 720 642 682 0 0
1 -1 -842150451 -842150451 0 -1 -842150451 -842150451 0 -1 -842150451 -842150451 720 760 642 682 0 0
1 -1 -842150451 -842150451 0 -1 -842150451 -842150451 0 -1 -842150451 -842150451 760 800 642 682 0 0
1 -1 -842150451 -842150451 0 -1 -842150451 -842150451 0 -1 -842150451 -842150451 800 840 642 682 0 0
1 -1 -842150451 -842150451 0 -1 -842150451 -842150451 0 -1 -842150451 -842150451 840 880 642 682 0 0
1 -1 -842150451 -842150451 0 -1 -842150451 -842150451 0 -1 -842150451 -842150451 880 920 642 682 0 0
1 -1 -842150451 -842150451 0 -1 -842150451 -842150451 0 -1 -842150451 -842150451 920 960 642 682 0 0
1 -1 -842150451 -842150451 0 -1 -842150451 -842150451 0 -1 -842150451 -842150451 960 1000 642 682 0 0
1 -1 -842150451 -842150451 0 -1 -842150451 -842150451 0 -1 -842150451 -842150451 1000 1040 642 682 0 0
1 -1 -842150451 -842150451 0 -1 -842150451 -842150451 0 -1 -842150451 -842150451 1040 1080 642 682 0 0
1 -1 -842150451 -842150451 0 -1 -842150451 -842150451 0 -1 -842150451 -842150451 1080 1120 642 682 0 0
1 -1 -842150451 -842150451 0 -1 -842150451 -842150451 0 -1 -842150451 -842150451 1120 1160 642 682 0 0
1 -1 -842150451 -842150451 0 -1 -842150451 -842150451 0 -1 -842150451 -842150451 1160 1200 642 682 0 0
1 -1 -842150451 -842150451 0 -1 -842150451 -842150451 0 -1 -842150451 -842150451 1200 1240 642 682 0 0
1 -1 -842150451 -842150451 0 -1 -842150451 -842150451 0 -1 -842150451 -842150451 1240 1280 642 682 0 0
1 -1 -842150451 -842150451 0 -1 -842150451 -842150451 0 -1 -842150451 -842150451 480 520 682 722 0 0
1 -1 -842150451 -842150451 0 -1 -842150451 -842150451 0 -1 -842150451 -842150451 520 560 682 722 0 0
1 -1 -842150451 -842150451 0 -1 -842150451 -842150451 0 -1 -842150451 -842150451 560 600 682 722 0 0
1 -1 -842150451 -842150451 0 -1 -842150451 -842150451 0 -1 -842150451 -842150451 600 640 682 722 0 0
1 -1 -842150451 -842150451 0 -1 -842150451 -842150451 0 -1 -842150451 -842150451 640 680 682 722 0 0
1 -1 -842150451 -842150451 0 -1 -842150451 -842150451 0 -1 -842150451 -842150451 680 720 682 722 0 0
1 -1 -842150451 -842150451 0 -1 -842150451 -842150451 0 -1 -842150451 -842150451 720 760 682 722 0 0
1 -1 -842150451 -842150451 0 -1 -842150451 -842150451 0 -1 -842150451 -842150451 760 800 682 722 0 0
1 -1 -842150451 -842150451 0 -1 -842150451 -842150451 0 -1 -842150451 -842150451 800 840 682 722 0 0
1 -1 -842150451 -842150451 0 -1 -842150451 -842150451 0 -1 -842150451 -842150451 840 880 682 722 0 0
1 -1 -842150451 -842150451 0 -1 -842150451 -842150451 0 -1 -842150451 -842150451 880 920 682 722 0 0
1 -1 -842150451 -842150451 0 -1 -842150451 -842150451 0 -1 -842150451 -842150451 920 960 682 722 0 0
1 -1 -842150451 -842150451 0 -1 -842150451 -842150451 0 -1 -842150451 -842150451 960 1000 682 722 0 0
1 -1 -842150451 -842150451 0 -1 -842150451 -842150451 0 -1 -842150451 -842150451 1000 1040 682 722 0 0
1 -1 -842150451 -842150451 0 -1 -842150451 -842150451 0 -1 -842150451 -842150451 1040 1080 682 722 0 0
1 -1 -842150451 -842150451 0 -1 -842150451 -842150451 0 -1 -842150451 -842150451 1080 1120 682 722 0 0
1 -1 -842150451 -842150451 0 -1 -842150451 -842150451 0 -1 -842150451 -842150451 1120 1160 682 722 0 0
1 -1 -842150451 -842150451 0 -1 -842150451 -842150451 0 -1 -842150451 -842150451 1160 1200 682 722 0 0
1 -1 -842150451 -842150451 0 -1 -842150451 -842150451 0 -1 -842150451 -842150451 1200 1240 682 722 0 0
1 -1 -842150451 -842150451 0 -1 -842150451 -842150451 0 -1 -842150451 -842150451 1240 1280 682 722 0 0
1 -1 -842150451 -842150451 0 -1 -842150451 -842150451 0 -1 -842150451 -842150451 480 520 722 762 0 0
1 -1 -842150451 -842150451 0 -1 -842150451 -842150451 0 -1 -842150451 -842150451 520 560 722 762 0 0
1 -1 -842150451 -842150451 0 -1 -842150451 -842150451 0 -1 -842150451 -842150451 560 600 722 762 0 0
1 -1 -842150451 -842150451 0 -1 -842150451 -842150451 0 -1 -842150451 -842150451 600 640 722 762 0 0
1 -1 -842150451 -842150451 0 -1 -842150451 -842150451 0 -1 -842150451 -842150451 640 680 722 762 0 0
1 -1 -842150451 -842150451 0 -1 -842150451 -842150451 0 -1 -842150451 -842150451 680 720 722 762 0 0
1 -1 -842150451 -842150451 0 -1 -842150451 -842150451 0 -1 -842150451 -842150451 720 760 722 762 0 0
1 -1 -842150451 -842150451 0 -1 -842150451 -842150451 0 -1 -842150451 -842150451 760 800 722 762 0 0
1 -1 -842150451 -842150451 0 -1 -842150451 -842150451 0 -1 -842150451 -842150451 800 840 722 762 0 0
1 -1 -842150451 -842150451 0 -1 -842150451 -842150451 0 -1 -842150451 -842150451 840 880 722 762 0 0
1 -1 -842150451 -842150451 0 -1 -842150451 -842150451 0 -1 -842150451 -842150451 880 920 722 762 0 0
1 -1 -842150451 -842150451 0 -1 -842150451 -842150451 0 -1 -842150451 -842150451 920 960 722 762 0 0
1 -1 -842150451 -842150451 0 -1 -842150451 -842150451 0 -1 -842150451 -842150451 960 1000 722 762 0 0
1 -1 -842150451 -842150451 0 -1 -842150451 -842150451 0 -1 -842150451 -842150451 1000 1040 722 762 0 0
1 -1 -842150451 -842150451 0 -1 -842150451 -842150451 0 -1 -842150451 -842150451 1040 1080 722 762 0 0
1 -1 -842150451 -842150451 0 -1 -842150451 -842150451 0 -1 -842150451 -842150451 1080 1120 722 762 0 0
1 -1 -842150451 -842150451 0 -1 -842150451 -842150451 0 -1 -842150451 -842150451 1120 1160 722 762 0 0
1 -1 -842150451 -842150451 0 -1 -842150451 -842150451 0 -1 -842150451 -842150451 1160 1200 722 762 0 0
1 -1 -842150451 -842150451 0 -1 -842150451 -842150451 0 -1 -842150451 -842150451 1200 1240 722 762 0 0
1 -1 -842150451 -842150451 0 -1 -842150451 -842150451 0 -1 -842150451 -842150451 1240 1280 722 762 0 0
1 -1 -842150451 -842150451 0 -1 -842150451 -842150451 0 -1 -842150451 -842150451 480 520 762 802 0 0
1 -1 -842150451 -842150451 0 -1 -842150451 -842150451 0 -1 -842150451 -842150451 520 560 762 802 0 0
1 -1 -842150451 -842150451 0 -1 -842150451 -842150451 0 -1 -842150451 -842150451 560 600 762 802 0 0
1 -1 -842150451 -842150451 0 -1 -842150451 -842150451 0 -1 -842150451 -842150451 600 640 762 802 0 0
1 -1 -842150451 -842150451 0 -1 -842150451 -842150451 0 -1 -842150451 -842150451 640 680 762 802 0 0
1 -1 -842150451 -842150451 0 -1 -842150451 -842150451 0 -1 -842150451 -842150451 680 720 762 802 0 0
1 -1 -842150451 -842150451 0 -1 -842150451 -842150451 0 -1 -842150451 -842150451 720 760 762 802 0 0
1 -1 -842150451 -842150451 0 -1 -842150451 -842150451 0 -1 -842150451 -842150451 760 800 762 802 0 0
1 -1 -842150451 -842150451 0 -1 -842150451 -842150451 0 -1 -842150451 -842150451 800 840 762 802 0 0
1 -1 -842150451 -842150451 0 -1 -842150451 -842150451 0 -1 -842150451 -842150451 840 880 762 802 0 0
1 -1 -842150451 -842150451 0 -1 -842150451 -842150451 0 -1 -842150451 -842150451 880 920 762 802 0 0
1 -1 -842150451 -842150451 0 -1 -842150451 -842150451 0 -1 -842150451 -842150451 920 960 762 802 0 0
1 -1 -842150451 -842150451 0 -1 -842150451 -842150451 0 -1 -842150451 -842150451 960 1000 762 802 0 0
1 -1 -842150451 -842150451 0 -1 -842150451 -842150451 0 -1 -842150451 -842150451 1000 1040 762 802 0 0
1 -1 -842150451 -842150451 0 -1 -842150451 -842150451 0 -1 -842150451 -842150451 1040 1080 762 802 0 0
1 -1 -842150451 -842150451 0 -1 -842150451 -842150451 0 -1 -842150451 -842150451 1080 1120 762 802 0 0
1 -1 -842150451 -842150451 0 -1 -842150451 -842150451 0 -1 -842150451 -842150451 1120 1160 762 802 0 0
1 -1 -842150451 -842150451 0 -1 -842150451 -842150451 0 -1 -842150451 -842150451 1160 1200 762 802 0 0
1 -1 -842150451 -842150451 0 -1 -842150451 -842150451 0 -1 -842150451 -842150451 1200 1240 762 802 0 0
1 -1 -842150451 -842150451 0 -1 -842150451 -842150451 0 -1 -842150451 -842150451 1240 1280 762 802 0 0
1 -1 -842150451 -842150451 0 -1 -842150451 -842150451 0 -1 -842150451 -842150451 480 520 802 842 0 0
1 -1 -842150451 -842150451 0 -1 -842150451 -842150451 0 -1 -842150451 -842150451 520 560 802 842 0 0
1 -1 -842150451 -842150451 0 -1 -842150451 -842150451 0 -1 -842150451 -842150451 560 600 802 842 0 0
1 -1 -842150451 -842150451 0 -1 -842150451 -842150451 0 -1 -842150451 -842150451 600 640 802 842 0 0
1 -1 -842150451 -842150451 0 -1 -842150451 -842150451 0 -1 -842150451 -842150451 640 680 802 842 0 0
1 -1 -842150451 -842150451 0 -1 -842150451 -842150451 0 -1 -842150451 -842150451 680 720 802 842 0 0
1 -1 -842150451 -842150451 0 -1 -842150451 -842150451 0 -1 -842150451 -842150451 720 760 802 842 0 0
1 -1 -842150451 -842150451 0 -1 -842150451 -842150451 0 -1 -842150451 -842150451 760 800 802 842 0 0
1 -1 -842150451 -842150451 0 -1 -842150451 -842150451 0 -1 -842150451 -842150451 800 840 802 842 0 0
1 -1 -842150451 -842150451 0 -1 -842150451 -842150451 0 -1 -842150451 -842150451 840 880 802 842 0 0
1 -1 -842150451 -842150451 0 -1 -842150451 -842150451 0 -1 -842150451 -842150451 880 920 802 842 0 0
1 -1 -842150451 -842150451 0 -1 -842150451 -842150451 0 -1 -842150451 -842150451 920 960 802 842 0 0
1 -1 -842150451 -842150451 0 -1 -842150451 -842150451 0 -1 -842150451 -842150451 960 1000 802 842 0 0
1 -1 -842150451 -842150451 0 -1 -842150451 -842150451 0 -1 -842150451 -842150451 1000 1040 802 842 0 0
1 -1 -842150451 -842150451 0 -1 -842150451 -842150451 0 -1 -842150451 -842150451 1040 1080 802 842 0 0
1 -1 -842150451 -842150451 0 -1 -842150451 -842150451 0 -1 -842150451 -842150451 1080 1120 802 842 0 0
1 -1 -842150451 -842150451 0 -1 -842150451 -842150451 0 -1 -842150451 -842150451 1120 1160 802 842 0 0
1 -1 -842150451 -842150451 0 -1 -842150451 -842150451 0 -1 -842150451 -842150451 1160 1200 802 842 0 0
1 -1 -842150451 -842150451 0 -1 -842150451 -842150451 0 -1 -842150451 -842150451 1200 1240 802 842 0 0
1 -1 -842150451 -842150451 0 -1 -842150451 -842150451 0 -1 -842150451 -842150451 1240 1280 802 842 0 0
