20 15
1 4 0 1 1 1 4 0 1 -1 -842150451 -842150451 320 360 40 80 4 0
1 4 0 1 1 1 4 0 1 -1 -842150451 -842150451 360 400 40 80 4 0
1 4 0 1 1 1 4 0 1 -1 -842150451 -842150451 400 440 40 80 4 0
1 4 0 1 1 1 4 0 1 -1 -842150451 -842150451 440 480 40 80 4 0
1 4 0 1 1 1 4 0 1 -1 -842150451 -842150451 480 520 40 80 4 0
1 4 0 1 1 1 4 0 1 -1 -842150451 -842150451 520 560 40 80 4 0
1 4 0 1 1 1 4 0 1 -1 -842150451 -842150451 560 600 40 80 4 0
1 4 0 1 1 1 4 0 1 -1 -842150451 -842150451 600 640 40 80 4 0
1 4 0 1 1 1 4 0 1 -1 -842150451 -842150451 640 680 40 80 4 0
1 4 0 1 1 1 4 0 1 -1 -842150451 -842150451 680 720 40 80 4 0
1 4 0 1 1 1 4 0 1 -1 -842150451 -842150451 720 760 40 80 4 0
1 4 0 1 1 1 4 0 1 -1 -842150451 -842150451 760 800 40 80 4 0
1 4 0 1 1 1 4 0 1 -1 -842150451 -842150451 800 840 40 80 4 0
1 4 0 1 1 1 4 0 1 -1 -842150451 -842150451 840 880 40 80 4 0
1 4 0 1 1 1 4 0 1 -1 -842150451 -842150451 880 920 40 80 4 0
1 4 0 1 1 1 4 0 1 -1 -842150451 -842150451 920 960 40 80 4 0
1 4 0 1 1 1 4 0 1 -1 -842150451 -842150451 960 1000 40 80 4 0
1 4 0 1 1 1 4 0 1 -1 -842150451 -842150451 1000 1040 40 80 4 0
1 4 0 1 1 1 4 0 1 -1 -842150451 -842150451 1040 1080 40 80 4 0
1 4 0 1 1 1 4 0 1 -1 -842150451 -842150451 1080 1120 40 80 4 0
1 4 0 1 1 1 4 0 1 -1 -842150451 -842150451 320 360 80 120 4 0
1 4 0 1 1 1 4 0 1 -1 -842150451 -842150451 360 400 80 120 4 0
1 4 0 1 1 1 4 0 1 -1 -842150451 -842150451 400 440 80 120 4 0
1 4 0 1 1 1 4 0 1 -1 -842150451 -842150451 440 480 80 120 4 0
1 4 0 1 1 1 4 0 1 -1 -842150451 -842150451 480 520 80 120 4 0
1 4 0 1 1 1 4 0 1 -1 -842150451 -842150451 520 560 80 120 4 0
1 4 0 1 1 1 4 0 1 -1 -842150451 -842150451 560 600 80 120 4 0
1 4 0 1 1 1 4 0 1 -1 -842150451 -842150451 600 640 80 120 4 0
1 4 0 1 1 1 4 0 1 -1 -842150451 -842150451 640 680 80 120 4 0
1 4 0 1 1 1 4 0 1 -1 -842150451 -842150451 680 720 80 120 4 0
1 4 0 1 1 1 4 0 1 -1 -842150451 -842150451 720 760 80 120 4 0
1 4 0 1 1 1 4 0 1 -1 -842150451 -842150451 760 800 80 120 4 0
1 4 0 1 1 1 4 0 1 -1 -842150451 -842150451 800 840 80 120 4 0
1 4 0 1 1 1 4 0 1 -1 -842150451 -842150451 840 880 80 120 4 0
1 4 0 1 1 1 4 0 1 -1 -842150451 -842150451 880 920 80 120 4 0
1 4 0 1 1 1 4 0 1 -1 -842150451 -842150451 920 960 80 120 4 0
1 4 0 1 1 1 4 0 1 -1 -842150451 -842150451 960 1000 80 120 4 0
1 4 0 1 1 1 4 0 1 -1 -842150451 -842150451 1000 1040 80 120 4 0
1 4 0 1 1 1 4 0 1 -1 -842150451 -842150451 1040 1080 80 120 4 0
1 4 0 1 1 1 4 0 1 -1 -842150451 -842150451 1080 1120 80 120 4 0
1 4 0 1 1 1 4 0 1 -1 -842150451 -842150451 320 360 120 160 4 0
1 4 0 1 1 1 4 0 1 -1 -842150451 -842150451 360 400 120 160 4 0
1 4 0 1 1 1 4 0 1 -1 -842150451 -842150451 400 440 120 160 4 0
1 4 0 1 1 1 4 0 1 -1 -842150451 -842150451 440 480 120 160 4 0
1 4 0 1 1 1 4 0 1 -1 -842150451 -842150451 480 520 120 160 4 0
1 4 0 1 1 1 4 0 1 -1 -842150451 -842150451 520 560 120 160 4 0
1 4 0 1 1 1 4 0 1 -1 -842150451 -842150451 560 600 120 160 4 0
1 4 0 1 1 1 4 0 1 -1 -842150451 -842150451 600 640 120 160 4 0
1 4 0 1 1 1 4 0 1 -1 -842150451 -842150451 640 680 120 160 4 0
1 4 0 1 1 1 4 0 1 -1 -842150451 -842150451 680 720 120 160 4 0
1 4 0 1 1 1 4 0 1 -1 -842150451 -842150451 720 760 120 160 4 0
1 4 0 1 1 1 4 0 1 -1 -842150451 -842150451 760 800 120 160 4 0
1 4 0 1 1 1 4 0 1 -1 -842150451 -842150451 800 840 120 160 4 0
1 4 0 1 1 1 4 0 1 -1 -842150451 -842150451 840 880 120 160 4 0
1 4 0 1 1 1 4 0 1 -1 -842150451 -842150451 880 920 120 160 4 0
1 4 0 1 1 1 4 0 1 -1 -842150451 -842150451 920 960 120 160 4 0
1 4 0 1 1 1 4 0 1 -1 -842150451 -842150451 960 1000 120 160 4 0
1 4 0 1 1 1 4 0 1 -1 -842150451 -842150451 1000 1040 120 160 4 0
1 4 0 1 1 1 4 0 1 -1 -842150451 -842150451 1040 1080 120 160 4 0
1 4 0 1 1 1 4 0 1 -1 -842150451 -842150451 1080 1120 120 160 4 0
1 4 0 1 1 1 4 0 1 -1 -842150451 -842150451 320 360 160 200 4 0
1 4 0 1 1 1 4 0 1 -1 -842150451 -842150451 360 400 160 200 4 0
1 4 0 1 1 1 4 0 1 -1 -842150451 -842150451 400 440 160 200 4 0
1 4 0 1 1 1 4 0 1 -1 -842150451 -842150451 440 480 160 200 4 0
1 4 0 1 1 1 4 0 1 -1 -842150451 -842150451 480 520 160 200 4 0
1 4 0 1 1 1 4 0 1 -1 -842150451 -842150451 520 560 160 200 4 0
1 4 0 1 1 1 4 0 1 -1 -842150451 -842150451 560 600 160 200 4 0
1 4 0 1 1 1 4 0 1 -1 -842150451 -842150451 600 640 160 200 4 0
1 4 0 1 1 1 4 0 1 -1 -842150451 -842150451 640 680 160 200 4 0
1 4 0 1 1 1 4 0 1 -1 -842150451 -842150451 680 720 160 200 4 0
1 4 0 1 1 1 4 0 1 -1 -842150451 -842150451 720 760 160 200 4 0
1 4 0 1 1 1 4 0 1 -1 -842150451 -842150451 760 800 160 200 4 0
1 4 0 1 1 1 4 0 1 -1 -842150451 -842150451 800 840 160 200 4 0
1 4 0 1 1 1 4 0 1 -1 -842150451 -842150451 840 880 160 200 4 0
1 4 0 1 1 1 4 0 1 -1 -842150451 -842150451 880 920 160 200 4 0
1 4 0 1 1 1 4 0 1 -1 -842150451 -842150451 920 960 160 200 4 0
1 4 0 1 1 1 4 0 1 -1 -842150451 -842150451 960 1000 160 200 4 0
1 4 0 1 1 1 4 0 1 -1 -842150451 -842150451 1000 1040 160 200 4 0
1 4 0 1 1 1 4 0 1 -1 -842150451 -842150451 1040 1080 160 200 4 0
1 4 0 1 1 1 4 0 1 -1 -842150451 -842150451 1080 1120 160 200 4 0
1 4 0 1 1 1 4 0 1 -1 -842150451 -842150451 320 360 200 240 4 0
1 4 0 1 1 1 4 0 1 -1 -842150451 -842150451 360 400 200 240 4 0
1 4 0 1 1 1 4 0 1 -1 -842150451 -842150451 400 440 200 240 4 0
1 4 0 1 1 1 4 0 1 -1 -842150451 -842150451 440 480 200 240 4 0
1 4 0 1 1 1 4 0 1 -1 -842150451 -842150451 480 520 200 240 4 0
1 4 0 1 1 1 4 0 1 -1 -842150451 -842150451 520 560 200 240 4 0
1 4 0 1 1 1 4 0 1 -1 -842150451 -842150451 560 600 200 240 4 0
1 4 0 1 1 1 4 0 1 -1 -842150451 -842150451 600 640 200 240 4 0
1 4 0 1 1 1 4 0 1 -1 -842150451 -842150451 640 680 200 240 4 0
1 4 0 1 1 1 4 0 1 -1 -842150451 -842150451 680 720 200 240 4 0
1 4 0 1 1 1 4 0 1 -1 -842150451 -842150451 720 760 200 240 4 0
1 4 0 1 1 1 4 0 1 -1 -842150451 -842150451 760 800 200 240 4 0
1 4 0 1 1 1 4 0 1 -1 -842150451 -842150451 800 840 200 240 4 0
1 4 0 1 1 1 4 0 1 -1 -842150451 -842150451 840 880 200 240 4 0
1 4 0 1 1 1 4 0 1 -1 -842150451 -842150451 880 920 200 240 4 0
1 4 0 1 1 1 4 0 1 -1 -842150451 -842150451 920 960 200 240 4 0
1 4 0 1 1 1 4 0 1 -1 -842150451 -842150451 960 1000 200 240 4 0
1 4 0 1 1 1 4 0 1 -1 -842150451 -842150451 1000 1040 200 240 4 0
1 4 0 1 1 1 4 0 1 -1 -842150451 -842150451 1040 1080 200 240 4 0
1 4 0 1 1 1 4 0 1 -1 -842150451 -842150451 1080 1120 200 240 4 0
1 4 0 1 1 1 4 0 1 -1 -842150451 -842150451 320 360 240 280 4 0
1 4 0 1 1 1 4 0 1 -1 -842150451 -842150451 360 400 240 280 4 0
1 4 0 1 1 1 4 0 1 -1 -842150451 -842150451 400 440 240 280 4 0
1 4 0 1 1 1 4 0 1 -1 -842150451 -842150451 440 480 240 280 4 0
1 4 0 1 1 1 4 0 1 -1 -842150451 -842150451 480 520 240 280 4 0
1 4 0 1 1 1 4 0 1 -1 -842150451 -842150451 520 560 240 280 4 0
1 4 0 1 1 1 4 0 1 -1 -842150451 -842150451 560 600 240 280 4 0
1 4 0 1 1 1 4 0 1 -1 -842150451 -842150451 600 640 240 280 4 0
1 4 0 1 1 1 4 0 1 -1 -842150451 -842150451 640 680 240 280 4 0
1 4 0 1 1 1 4 0 1 -1 -842150451 -842150451 680 720 240 280 4 0
1 4 0 1 1 1 4 0 1 -1 -842150451 -842150451 720 760 240 280 4 0
1 4 0 1 1 1 4 0 1 -1 -842150451 -842150451 760 800 240 280 4 0
1 4 0 1 1 1 4 0 1 -1 -842150451 -842150451 800 840 240 280 4 0
1 4 0 1 1 1 4 0 1 -1 -842150451 -842150451 840 880 240 280 4 0
1 4 0 1 1 1 4 0 1 -1 -842150451 -842150451 880 920 240 280 4 0
1 4 0 1 1 1 4 0 1 -1 -842150451 -842150451 920 960 240 280 4 0
1 4 0 1 1 1 4 0 1 -1 -842150451 -842150451 960 1000 240 280 4 0
1 4 0 1 1 1 4 0 1 -1 -842150451 -842150451 1000 1040 240 280 4 0
1 4 0 1 1 1 4 0 1 -1 -842150451 -842150451 1040 1080 240 280 4 0
1 4 0 1 1 1 4 0 1 -1 -842150451 -842150451 1080 1120 240 280 4 0
1 4 0 1 1 1 4 0 1 -1 -842150451 -842150451 320 360 280 320 4 0
1 4 0 1 1 1 4 0 1 -1 -842150451 -842150451 360 400 280 320 4 0
1 4 0 1 1 1 4 0 1 -1 -842150451 -842150451 400 440 280 320 4 0
1 4 0 1 1 1 4 0 1 -1 -842150451 -842150451 440 480 280 320 4 0
1 4 0 1 1 1 4 0 1 -1 -842150451 -842150451 480 520 280 320 4 0
1 4 0 1 1 1 4 0 1 -1 -842150451 -842150451 520 560 280 320 4 0
1 4 0 1 1 1 4 0 1 -1 -842150451 -842150451 560 600 280 320 4 0
1 4 0 1 1 1 4 0 1 -1 -842150451 -842150451 600 640 280 320 4 0
1 4 0 1 1 1 4 0 1 -1 -842150451 -842150451 640 680 280 320 4 0
1 4 0 1 1 1 4 0 1 -1 -842150451 -842150451 680 720 280 320 4 0
1 4 0 1 1 1 4 0 1 -1 -842150451 -842150451 720 760 280 320 4 0
1 4 0 1 1 1 4 0 1 -1 -842150451 -842150451 760 800 280 320 4 0
1 4 0 1 1 1 4 0 1 -1 -842150451 -842150451 800 840 280 320 4 0
1 4 0 1 1 1 4 0 1 -1 -842150451 -842150451 840 880 280 320 4 0
1 4 0 1 1 1 4 0 1 -1 -842150451 -842150451 880 920 280 320 4 0
1 4 0 1 1 1 4 0 1 -1 -842150451 -842150451 920 960 280 320 4 0
1 4 0 1 1 1 4 0 1 -1 -842150451 -842150451 960 1000 280 320 4 0
1 4 0 1 1 1 4 0 1 -1 -842150451 -842150451 1000 1040 280 320 4 0
1 4 0 1 1 1 4 0 1 -1 -842150451 -842150451 1040 1080 280 320 4 0
1 4 0 1 1 1 4 0 1 -1 -842150451 -842150451 1080 1120 280 320 4 0
1 4 0 1 1 1 4 0 1 -1 -842150451 -842150451 320 360 320 360 4 0
1 4 0 1 1 1 4 0 1 -1 -842150451 -842150451 360 400 320 360 4 0
1 4 0 1 1 1 4 0 1 -1 -842150451 -842150451 400 440 320 360 4 0
1 4 0 1 1 1 4 0 1 -1 -842150451 -842150451 440 480 320 360 4 0
1 4 0 1 1 1 4 0 1 -1 -842150451 -842150451 480 520 320 360 4 0
1 4 0 1 1 1 4 0 1 -1 -842150451 -842150451 520 560 320 360 4 0
1 4 0 1 1 1 4 0 1 -1 -842150451 -842150451 560 600 320 360 4 0
1 4 0 1 1 1 4 0 1 -1 -842150451 -842150451 600 640 320 360 4 0
1 4 0 1 1 1 4 0 1 -1 -842150451 -842150451 640 680 320 360 4 0
1 4 0 1 1 1 4 0 1 -1 -842150451 -842150451 680 720 320 360 4 0
1 4 0 1 1 1 4 0 1 -1 -842150451 -842150451 720 760 320 360 4 0
1 4 0 1 1 1 4 0 1 -1 -842150451 -842150451 760 800 320 360 4 0
1 4 0 1 1 1 4 0 1 -1 -842150451 -842150451 800 840 320 360 4 0
1 4 0 1 1 1 4 0 1 -1 -842150451 -842150451 840 880 320 360 4 0
1 4 0 1 1 1 4 0 1 -1 -842150451 -842150451 880 920 320 360 4 0
1 4 0 1 1 1 4 0 1 -1 -842150451 -842150451 920 960 320 360 4 0
1 4 0 1 1 1 4 0 1 -1 -842150451 -842150451 960 1000 320 360 4 0
1 4 0 1 1 1 4 0 1 -1 -842150451 -842150451 1000 1040 320 360 4 0
1 4 0 1 1 1 4 0 1 -1 -842150451 -842150451 1040 1080 320 360 4 0
1 4 0 1 1 1 4 0 1 -1 -842150451 -842150451 1080 1120 320 360 4 0
1 4 0 1 1 1 4 0 1 -1 -842150451 -842150451 320 360 360 400 4 0
1 4 0 1 1 1 4 0 1 -1 -842150451 -842150451 360 400 360 400 4 0
1 4 0 1 1 1 4 0 1 -1 -842150451 -842150451 400 440 360 400 4 0
1 4 0 1 1 1 4 0 1 -1 -842150451 -842150451 440 480 360 400 4 0
1 4 0 1 1 1 4 0 1 -1 -842150451 -842150451 480 520 360 400 4 0
1 4 0 1 1 1 4 0 1 -1 -842150451 -842150451 520 560 360 400 4 0
1 4 0 1 1 1 4 0 1 -1 -842150451 -842150451 560 600 360 400 4 0
1 4 0 1 1 1 4 0 1 -1 -842150451 -842150451 600 640 360 400 4 0
1 4 0 1 1 1 4 0 1 -1 -842150451 -842150451 640 680 360 400 4 0
1 4 0 1 1 1 4 0 1 -1 -842150451 -842150451 680 720 360 400 4 0
1 4 0 1 1 1 4 0 1 -1 -842150451 -842150451 720 760 360 400 4 0
1 4 0 1 1 1 4 0 1 -1 -842150451 -842150451 760 800 360 400 4 0
1 4 0 1 1 1 4 0 1 -1 -842150451 -842150451 800 840 360 400 4 0
1 4 0 1 1 1 4 0 1 -1 -842150451 -842150451 840 880 360 400 4 0
1 4 0 1 1 1 4 0 1 -1 -842150451 -842150451 880 920 360 400 4 0
1 4 0 1 1 1 4 0 1 -1 -842150451 -842150451 920 960 360 400 4 0
1 4 0 1 1 1 4 0 1 -1 -842150451 -842150451 960 1000 360 400 4 0
1 4 0 1 1 1 4 0 1 -1 -842150451 -842150451 1000 1040 360 400 4 0
1 4 0 1 1 1 4 0 1 -1 -842150451 -842150451 1040 1080 360 400 4 0
1 4 0 1 1 1 4 0 1 -1 -842150451 -842150451 1080 1120 360 400 4 0
1 4 0 1 1 1 4 0 1 -1 -842150451 -842150451 320 360 400 440 4 0
1 4 0 1 1 1 4 0 1 -1 -842150451 -842150451 360 400 400 440 4 0
1 4 0 1 1 1 4 0 1 -1 -842150451 -842150451 400 440 400 440 4 0
1 4 0 1 1 1 4 0 1 -1 -842150451 -842150451 440 480 400 440 4 0
1 4 0 1 1 1 4 0 1 -1 -842150451 -842150451 480 520 400 440 4 0
1 4 0 1 1 1 4 0 1 -1 -842150451 -842150451 520 560 400 440 4 0
1 4 0 1 1 1 4 0 1 -1 -842150451 -842150451 560 600 400 440 4 0
1 4 0 1 1 1 4 0 1 -1 -842150451 -842150451 600 640 400 440 4 0
1 4 0 1 1 1 4 0 1 -1 -842150451 -842150451 640 680 400 440 4 0
1 4 0 1 1 1 4 0 1 -1 -842150451 -842150451 680 720 400 440 4 0
1 4 0 1 1 1 4 0 1 -1 -842150451 -842150451 720 760 400 440 4 0
1 4 0 1 1 1 4 0 1 -1 -842150451 -842150451 760 800 400 440 4 0
1 4 0 1 1 1 4 0 1 -1 -842150451 -842150451 800 840 400 440 4 0
1 4 0 1 1 1 4 0 1 -1 -842150451 -842150451 840 880 400 440 4 0
1 4 0 1 1 1 4 0 1 -1 -842150451 -842150451 880 920 400 440 4 0
1 4 0 1 1 1 4 0 1 -1 -842150451 -842150451 920 960 400 440 4 0
1 4 0 1 1 1 4 0 1 -1 -842150451 -842150451 960 1000 400 440 4 0
1 4 0 1 1 1 4 0 1 -1 -842150451 -842150451 1000 1040 400 440 4 0
1 4 0 1 1 1 4 0 1 -1 -842150451 -842150451 1040 1080 400 440 4 0
1 4 0 1 1 1 4 0 1 -1 -842150451 -842150451 1080 1120 400 440 4 0
1 4 0 1 1 1 4 0 1 -1 -842150451 -842150451 320 360 440 480 4 0
1 4 0 1 1 1 4 0 1 -1 -842150451 -842150451 360 400 440 480 4 0
1 4 0 1 1 1 4 0 1 -1 -842150451 -842150451 400 440 440 480 4 0
1 4 0 1 1 1 4 0 1 -1 -842150451 -842150451 440 480 440 480 4 0
1 4 0 1 1 1 4 0 1 -1 -842150451 -842150451 480 520 440 480 4 0
1 4 0 1 1 1 4 0 1 -1 -842150451 -842150451 520 560 440 480 4 0
1 4 0 1 1 1 4 0 1 -1 -842150451 -842150451 560 600 440 480 4 0
1 4 0 1 1 1 4 0 1 -1 -842150451 -842150451 600 640 440 480 4 0
1 4 0 1 1 1 4 0 1 -1 -842150451 -842150451 640 680 440 480 4 0
1 4 0 1 1 1 4 0 1 -1 -842150451 -842150451 680 720 440 480 4 0
1 4 0 1 1 1 4 0 1 -1 -842150451 -842150451 720 760 440 480 4 0
1 4 0 1 1 1 4 0 1 -1 -842150451 -842150451 760 800 440 480 4 0
1 4 0 1 1 1 4 0 1 -1 -842150451 -842150451 800 840 440 480 4 0
1 4 0 1 1 1 4 0 1 -1 -842150451 -842150451 840 880 440 480 4 0
1 4 0 1 1 1 4 0 1 -1 -842150451 -842150451 880 920 440 480 4 0
1 4 0 1 1 1 4 0 1 -1 -842150451 -842150451 920 960 440 480 4 0
1 4 0 1 1 1 4 0 1 -1 -842150451 -842150451 960 1000 440 480 4 0
1 4 0 1 1 1 4 0 1 -1 -842150451 -842150451 1000 1040 440 480 4 0
1 4 0 1 1 1 4 0 1 -1 -842150451 -842150451 1040 1080 440 480 4 0
1 4 0 1 1 1 4 0 1 -1 -842150451 -842150451 1080 1120 440 480 4 0
1 4 0 1 1 1 4 0 1 -1 -842150451 -842150451 320 360 480 520 4 0
1 4 0 1 1 1 4 0 1 -1 -842150451 -842150451 360 400 480 520 4 0
1 4 0 1 1 1 4 0 1 -1 -842150451 -842150451 400 440 480 520 4 0
1 4 0 1 1 1 4 0 1 -1 -842150451 -842150451 440 480 480 520 4 0
1 4 0 1 1 1 4 0 1 -1 -842150451 -842150451 480 520 480 520 4 0
1 4 0 1 1 1 4 0 1 -1 -842150451 -842150451 520 560 480 520 4 0
1 4 0 1 1 1 4 0 1 -1 -842150451 -842150451 560 600 480 520 4 0
1 4 0 1 1 1 4 0 1 -1 -842150451 -842150451 600 640 480 520 4 0
1 4 0 1 1 1 4 0 1 -1 -842150451 -842150451 640 680 480 520 4 0
1 4 0 1 1 1 4 0 1 -1 -842150451 -842150451 680 720 480 520 4 0
1 4 0 1 1 1 4 0 1 -1 -842150451 -842150451 720 760 480 520 4 0
1 4 0 1 1 1 4 0 1 -1 -842150451 -842150451 760 800 480 520 4 0
1 4 0 1 1 1 4 0 1 -1 -842150451 -842150451 800 840 480 520 4 0
1 4 0 1 1 1 4 0 1 -1 -842150451 -842150451 840 880 480 520 4 0
1 4 0 1 1 1 4 0 1 -1 -842150451 -842150451 880 920 480 520 4 0
1 4 0 1 1 1 4 0 1 -1 -842150451 -842150451 920 960 480 520 4 0
1 4 0 1 1 1 4 0 1 -1 -842150451 -842150451 960 1000 480 520 4 0
1 4 0 1 1 1 4 0 1 -1 -842150451 -842150451 1000 1040 480 520 4 0
1 4 0 1 1 1 4 0 1 -1 -842150451 -842150451 1040 1080 480 520 4 0
1 4 0 1 1 1 4 0 1 -1 -842150451 -842150451 1080 1120 480 520 4 0
1 4 0 1 1 1 4 0 1 -1 -842150451 -842150451 320 360 520 560 4 0
1 4 0 1 1 1 4 0 1 -1 -842150451 -842150451 360 400 520 560 4 0
1 4 0 1 1 1 4 0 1 -1 -842150451 -842150451 400 440 520 560 4 0
1 4 0 1 1 1 4 0 1 -1 -842150451 -842150451 440 480 520 560 4 0
1 4 0 1 1 1 4 0 1 -1 -842150451 -842150451 480 520 520 560 4 0
1 4 0 1 1 1 4 0 1 -1 -842150451 -842150451 520 560 520 560 4 0
1 4 0 1 1 1 4 0 1 -1 -842150451 -842150451 560 600 520 560 4 0
1 4 0 1 1 1 4 0 1 -1 -842150451 -842150451 600 640 520 560 4 0
1 4 0 1 1 1 4 0 1 -1 -842150451 -842150451 640 680 520 560 4 0
1 4 0 1 1 1 4 0 1 -1 -842150451 -842150451 680 720 520 560 4 0
1 4 0 1 1 1 4 0 1 -1 -842150451 -842150451 720 760 520 560 4 0
1 4 0 1 1 1 4 0 1 -1 -842150451 -842150451 760 800 520 560 4 0
1 4 0 1 1 1 4 0 1 -1 -842150451 -842150451 800 840 520 560 4 0
1 4 0 1 1 1 4 0 1 -1 -842150451 -842150451 840 880 520 560 4 0
1 4 0 1 1 1 4 0 1 -1 -842150451 -842150451 880 920 520 560 4 0
1 4 0 1 1 1 4 0 1 -1 -842150451 -842150451 920 960 520 560 4 0
1 4 0 1 1 1 4 0 1 -1 -842150451 -842150451 960 1000 520 560 4 0
1 4 0 1 1 1 4 0 1 -1 -842150451 -842150451 1000 1040 520 560 4 0
1 4 0 1 1 1 4 0 1 -1 -842150451 -842150451 1040 1080 520 560 4 0
1 4 0 1 1 1 4 0 1 -1 -842150451 -842150451 1080 1120 520 560 4 0
1 4 0 1 1 1 4 0 1 -1 -842150451 -842150451 320 360 560 600 4 0
1 4 0 1 1 1 4 0 1 -1 -842150451 -842150451 360 400 560 600 4 0
1 4 0 1 1 1 4 0 1 -1 -842150451 -842150451 400 440 560 600 4 0
1 4 0 1 1 1 4 0 1 -1 -842150451 -842150451 440 480 560 600 4 0
1 4 0 1 1 1 4 0 1 -1 -842150451 -842150451 480 520 560 600 4 0
1 4 0 1 1 1 4 0 1 -1 -842150451 -842150451 520 560 560 600 4 0
1 4 0 1 1 1 4 0 1 -1 -842150451 -842150451 560 600 560 600 4 0
1 4 0 1 1 1 4 0 1 -1 -842150451 -842150451 600 640 560 600 4 0
1 4 0 1 1 1 4 0 1 -1 -842150451 -842150451 640 680 560 600 4 0
1 4 0 1 1 1 4 0 1 -1 -842150451 -842150451 680 720 560 600 4 0
1 4 0 1 1 1 4 0 1 -1 -842150451 -842150451 720 760 560 600 4 0
1 4 0 1 1 1 4 0 1 -1 -842150451 -842150451 760 800 560 600 4 0
1 4 0 1 1 1 4 0 1 -1 -842150451 -842150451 800 840 560 600 4 0
1 4 0 1 1 1 4 0 1 -1 -842150451 -842150451 840 880 560 600 4 0
1 4 0 1 1 1 4 0 1 -1 -842150451 -842150451 880 920 560 600 4 0
1 4 0 1 1 1 4 0 1 -1 -842150451 -842150451 920 960 560 600 4 0
1 4 0 1 1 1 4 0 1 -1 -842150451 -842150451 960 1000 560 600 4 0
1 4 0 1 1 1 4 0 1 -1 -842150451 -842150451 1000 1040 560 600 4 0
1 4 0 1 1 1 4 0 1 -1 -842150451 -842150451 1040 1080 560 600 4 0
1 4 0 1 1 1 4 0 1 -1 -842150451 -842150451 1080 1120 560 600 4 0
1 4 0 1 1 1 4 0 1 -1 -842150451 -842150451 320 360 600 640 4 0
1 4 0 1 1 1 4 0 1 -1 -842150451 -842150451 360 400 600 640 4 0
1 4 0 1 1 1 4 0 1 -1 -842150451 -842150451 400 440 600 640 4 0
1 4 0 1 1 1 4 0 1 -1 -842150451 -842150451 440 480 600 640 4 0
1 4 0 1 1 1 4 0 1 -1 -842150451 -842150451 480 520 600 640 4 0
1 4 0 1 1 1 4 0 1 -1 -842150451 -842150451 520 560 600 640 4 0
1 4 0 1 1 1 4 0 1 -1 -842150451 -842150451 560 600 600 640 4 0
1 4 0 1 1 1 4 0 1 -1 -842150451 -842150451 600 640 600 640 4 0
1 4 0 1 1 1 4 0 1 -1 -842150451 -842150451 640 680 600 640 4 0
1 4 0 1 1 1 4 0 1 -1 -842150451 -842150451 680 720 600 640 4 0
1 4 0 1 1 1 4 0 1 -1 -842150451 -842150451 720 760 600 640 4 0
1 4 0 1 1 1 4 0 1 -1 -842150451 -842150451 760 800 600 640 4 0
1 4 0 1 1 1 4 0 1 -1 -842150451 -842150451 800 840 600 640 4 0
1 4 0 1 1 1 4 0 1 -1 -842150451 -842150451 840 880 600 640 4 0
1 4 0 1 1 1 4 0 1 -1 -842150451 -842150451 880 920 600 640 4 0
1 4 0 1 1 1 4 0 1 -1 -842150451 -842150451 920 960 600 640 4 0
1 4 0 1 1 1 4 0 1 -1 -842150451 -842150451 960 1000 600 640 4 0
1 4 0 1 1 1 4 0 1 -1 -842150451 -842150451 1000 1040 600 640 4 0
1 4 0 1 1 1 4 0 1 -1 -842150451 -842150451 1040 1080 600 640 4 0
1 4 0 1 1 1 4 0 1 -1 -842150451 -842150451 1080 1120 600 640 4 0
